    g = 9.81;
    l = 5/100;
sigma = 8050;
    D = 60/1000;
    h = 5/1000;
    m = pi*(D/2)^2*h*sigma;
 deta = 1200*(2*pi/60);
eta_0 = 0;

